$ 1 0.000005 10.20027730826997 50 5 43 5e-11
v 32 272 32 192 0 0 40 5 0 0 0.5
g 32 272 32 320 0 0
174 32 128 64 176 1 1 0.5 Resistance
r 32 128 32 80 0 220
g 32 80 32 48 0 0
s 256 96 304 96 0 0 false
s 256 144 304 144 0 0 false
s 256 304 304 304 0 0 false
s 256 352 304 352 0 0 false
r 256 96 224 96 0 4700
r 256 144 224 144 0 4700
r 256 304 224 304 0 4700
r 256 352 224 352 0 4700
w 64 160 208 16 0
w 64 160 224 96 0
w 64 160 224 144 0
w 64 160 224 304 0
w 64 160 224 352 0
r 240 16 208 16 0 220
t 304 96 352 96 0 1 0.5912121717558995 0.6438580612520723 100 default
t 304 144 352 144 0 1 0.591274786000601 0.6472756808389449 100 default
w 352 112 352 128 0
g 352 160 352 176 0 0
162 352 448 400 448 2 default-led 1 0 0 0.01
162 352 16 352 80 2 default-led 1 0 0 0.01
r 528 144 576 144 0 220
r 272 16 240 16 0 220
r 304 16 272 16 0 220
w 304 16 352 16 0
g 352 368 352 384 0 0
w 352 320 352 336 0
t 304 352 352 352 0 1 0.5904457306428361 0.6548477907300184 100 default
t 304 304 352 304 0 1 0.590318504122416 0.6523401802991133 100 default
162 352 288 400 288 2 default-led 1 0 0 0.01
g 400 288 416 288 0 0
w 304 240 352 288 0
r 304 240 272 240 0 220
r 272 240 240 240 0 220
r 240 240 208 240 0 220
w 64 160 208 240 0
w 64 160 256 448 0
r 288 448 256 448 0 220
r 320 448 288 448 0 220
r 352 448 320 448 0 220
w 64 160 272 560 0
w 64 160 272 496 0
r 304 560 272 560 0 4700
r 304 496 272 496 0 4700
s 304 560 352 560 0 0 false
s 304 496 352 496 0 0 false
g 400 448 416 448 0 0
t 352 496 384 496 0 1 0.5919019363895951 0.6395142625228178 100 default
w 352 448 384 480 0
g 384 512 416 512 0 0
g 384 576 416 576 0 0
t 352 560 384 560 0 1 0.5919019363895945 0.6395142625228173 100 default
w 352 448 384 544 0
